Envoi 
Envoi 
(0,0) (0,0) (0,0) (0,8) (0,0) (0,0) (0,0) (0,0) 
(0,0) (0,0) (0,0) (0,8) (0,0) (0,0) (0,0) (0,0) 
(0,0) (0,0) (0,0) (0,8) (0,0) (0,0) (0,0) (0,0) 
(0,0) (0,0) (0,0) (0,8) (0,0) (0,0) (0,0) (0,0) 
(0,0) (0,0) (0,0) (0,8) (0,0) (0,0) (0,0) (0,0) 
(0,0) (0,0) (0,0) (0,8) (0,0) (0,0) (0,0) (0,0) 
(0,0) (0,0) (0,0) (0,8) (0,0) (0,0) (0,0) (0,0) 
(0,0) (0,0) (0,0) (0,8) (0,0) (0,0) (0,0) (0,0) 
Envoi 
(0,0) (0,0) (0,0) (0,8) (0,0) (0,0) (0,0) (0,0) 
(0,0) (0,0) (0,0) (0,8) (0,0) (0,0) (0,0) (0,0) 
(0,0) (0,0) (0,0) (0,8) (0,0) (0,0) (0,0) (0,0) 
(0,0) (0,0) (0,0) (0,8) (0,0) (0,0) (0,0) (0,0) 
(0,0) (0,0) (0,0) (0,8) (0,0) (0,0) (0,0) (0,0) 
(0,0) (0,0) (0,0) (0,8) (0,0) (0,0) (0,0) (0,0) 
(0,0) (0,0) (0,0) (0,8) (0,0) (0,0) (0,0) (0,0) 
(0,0) (0,0) (0,0) (0,8) (0,0) (0,0) (0,0) (0,0) 
Envoi 
(0,0) (0,0) (0,0) (0,8) (0,0) (0,0) (0,0) (0,0) 
(0,0) (0,0) (0,0) (0,8) (0,0) (0,0) (0,0) (0,0) 
(0,0) (0,0) (0,0) (0,8) (0,0) (0,0) (0,0) (0,0) 
(0,0) (0,0) (0,0) (0,8) (0,0) (0,0) (0,0) (0,0) 
(0,0) (0,0) (0,0) (0,8) (0,0) (0,0) (0,0) (0,0) 
(0,0) (0,0) (0,0) (0,8) (0,0) (0,0) (0,0) (0,0) 
(0,0) (0,0) (0,0) (0,8) (0,0) (0,0) (0,0) (0,0) 
(0,0) (0,0) (0,0) (0,8) (0,0) (0,0) (0,0) (0,0) 
